CRD0624: 0.768636595641: 0
MAR0955: 0.267851095055: 1
JLM0364: 0.807121190116: 1
HWY0038: 0.807934150079: 0
QOS0878: 0.701319622073: 0
DPS0262: 0.841929725483: 0
MAS0025: 0.738286633387: 1
GHL0460: 0.591149438149: 1
FMG0527: 0.71845453015: 1
RKF0164: 0.843408727119: 0
KSP0357: 0.857104246192: 0
WDD0366: 0.777736492024: 1
BIH0745: 0.795927245993: 1
ALB0892: 0.902697403643: 0
WAB0143: 0.859272445144: 0
LQC0479: 0.803932308853: 1
IJM0776: 0.517928544027: 1
BBS0039: 0.789358633261: 1
HRD0635: 0.845649338167: 0
ENC0234: 0.871296071019: 0
SOB0360: 0.844232829003: 0
MCF0600: 0.353428098096: 1
FSC0601: 0.726702999621: 1
AKR0057: 0.690311242909: 1
FFC0891: 0.586317699557: 0
AJR0932: 0.668441555925: 1
BDV0168: 0.762282520661: 1
MMB0488: 0.867711252375: 0
AAM0658: 0.709572645361: 1
AHG0634: 0.894147391196: 0
JMB0308: 0.778816784996: 1
JMH0543: 0.868778774317: 0
CYA0506: 0.890785252137: 0
BLS0678: 0.780428454479: 1
HJB0742: 0.822953359884: 1
RAB0589: 0.703607450556: 1
RHL0992: 0.598809296466: 1
CIM0926: 0.844671107446: 0
HBO0413: 0.701039553758: 1
ECF0828: 0.933161662602: 0
BVN0514: 0.868014753645: 0
JJM0203: 0.65441678501: 1
HKB0418: 0.861935312114: 0
MBG0438: 0.848733089954: 0
QCH0110: 0.908536690856: 0
EGD0409: 0.829243605702: 0
LHB0606: 0.847748519117: 0
GTD0219: 0.671709756501: 1
CAH0936: 0.651810529385: 1
IAT0263: 0.856253213686: 0
DGN0480: 0.871204169877: 0
PGH0184: 0.888553543105: 0
TEM0093: 0.863842911482: 0
VFM0814: 0.743333555637: 0
DRR0162: 0.675762062503: 1
ESR0693: 0.653109315898: 0
LOM0086: 0.649770722039: 0
SSR0278: 0.840494543204: 0
BMS0877: 0.868218005501: 0
RKD0604: 0.700351971313: 1
DCH0843: 0.471308230309: 1
TAP0551: 0.779401703296: 1
GBM0603: 0.877608050017: 0
HMM0108: 0.468804339483: 0
RGH0728: 0.860394918624: 0
PSF0133: 0.469802968656: 1
CCL0068: 0.648130429835: 1
BTL0226: 0.744129255622: 1
DIB0285: 0.651500529121: 1
LCC0819: 0.620972268767: 1
MPM0220: 0.688738019523: 1
AAS0442: 0.802083333333: 0
MDH0580: 0.548211215498: 1
GOK0238: 0.872279027839: 0
BCB0679: 0.857875126235: 0
SAP0867: 0.863180460102: 0
CEJ0109: 0.619271003859: 1
IUB0565: 0.667428495821: 1
UCH0519: 0.922664510091: 0
CAC0889: 0.821236897275: 0
EHD0584: 0.632548403977: 1
OLB0749: 0.871724218573: 0
EHB0824: 0.518387405942: 1
SNC0187: 0.874885225383: 0
MSH0040: 0.858297118972: 0
MOS0047: 0.677468293907: 1
NAF0033: 0.875096734524: 0
JGT0221: 0.802443499164: 1
KLH0596: 0.520144705496: 1
RMW0542: 0.613825953939: 1
YWW0660: 0.908309409381: 0
MSO0222: 0.824400774487: 1
LUR0896: 0.825629175531: 0
VSA0230: 0.777494709226: 0
CSC0217: 0.791795283728: 1
BRS0734: 0.777852693901: 0
MAD0496: 0.875477589341: 0
ABC0174: 0.725043247018: 1
XWD0923: 0.792270175086: 0
MCD0125: 0.765800616423: 0
SLT0907: 0.893392518776: 0
LJR0523: 0.73004839204: 1
JRH0455: 0.844881889764: 0
CFW0264: 0.813704530306: 0
KNG0672: 0.854754712396: 0
MHH0180: 0.939748097875: 0
EGD0132: 0.49308089387: 1
CCA0046: 0.731334483888: 1
MYD0978: 0.750862750819: 1
VSS0154: 0.669737188106: 1
IKR0401: 0.726703850115: 1
FTM0406: 0.714734955503: 1
RAR0725: 0.510738774758: 1
MVH0373: 0.798523185422: 0
PNL0301: 0.428085789872: 1
NRO0768: 0.940974364565: 0
NWT0098: 0.640099734295: 1
JRG0207: 0.755077199348: 1
ASB0796: 0.864369699516: 0
WRM0963: 0.892697084408: 0
JTM0223: 0.794637930949: 1
YIC0195: 0.861751136063: 0
EDB0714: 0.543884712068: 1
HFB0347: 0.836420105951: 0
COF0120: 0.878800120083: 0
TNM0961: 0.424228889332: 1
CQW0652: 0.598706805328: 1
XHW0498: 0.708509410501: 1
DIB0081: 0.67637160475: 0
BSS0369: 0.668862999705: 1
AAF0535: 0.497690104508: 1
HXL0968: 0.519474074586: 1
NRD0548: 0.858139784609: 0
AOK0844: 0.743045481577: 0
KRL0501: 0.719660646649: 1
ICS0956: 0.962804017019: 0
BYP0070: 0.84593578347: 0
RRC0553: 0.684249602055: 0
ARB0834: 0.981412223501: 0
KPC0073: 0.741700004906: 1
RGG0064: 0.765612448237: 1
PPF0435: 0.751090285328: 1
SEJ0677: 0.861645918973: 0
FSB0399: 0.878650554149: 0
